-5.000000000000000711e+01 1.598837209302328422e+00 0.0
-5.000000000000000711e+01 4.796511627906977715e+00 0.0
-5.000000000000000711e+01 7.994186046511626564e+00 0.0
-5.000000000000000711e+01 1.119186046511627630e+01 0.0
-5.000000000000000711e+01 1.438953488372093226e+01 0.0
-5.000000000000000711e+01 1.758720930232557578e+01 0.0
-4.583333333333333570e+01 -7.994186046511626564e+00 0.0
-4.583333333333333570e+01 -4.796511627906977715e+00 0.0
-4.583333333333333570e+01 -1.598837209302328422e+00 0.0
-4.583333333333333570e+01 1.598837209302328422e+00 0.0
-4.583333333333333570e+01 4.796511627906977715e+00 0.0
-4.583333333333333570e+01 7.994186046511626564e+00 0.0
-4.583333333333333570e+01 1.119186046511627630e+01 0.0
-4.583333333333333570e+01 1.438953488372093226e+01 0.0
-4.583333333333333570e+01 1.758720930232557578e+01 0.0
-4.583333333333333570e+01 2.078488372093023173e+01 0.0
-4.583333333333333570e+01 2.398255813953488769e+01 0.0
-4.583333333333333570e+01 2.718023255813952943e+01 0.0
-4.166666666666667851e+01 -1.438953488372093226e+01 0.0
-4.166666666666667851e+01 -1.119186046511627630e+01 0.0
-4.166666666666667851e+01 -7.994186046511626564e+00 0.0
-4.166666666666667851e+01 -4.796511627906977715e+00 0.0
-4.166666666666667851e+01 -1.598837209302328422e+00 0.0
-4.166666666666667851e+01 1.598837209302328422e+00 0.0
-4.166666666666667851e+01 4.796511627906977715e+00 0.0
-4.166666666666667851e+01 7.994186046511626564e+00 0.0
-4.166666666666667851e+01 1.119186046511627630e+01 0.0
-4.166666666666667851e+01 1.438953488372093226e+01 0.0
-4.166666666666667851e+01 1.758720930232557578e+01 0.0
-4.166666666666667851e+01 2.078488372093023173e+01 0.0
-4.166666666666667851e+01 2.398255813953488769e+01 0.0
-4.166666666666667851e+01 2.718023255813952943e+01 0.0
-4.166666666666667851e+01 3.037790697674418539e+01 0.0
-3.750000000000000711e+01 -1.758720930232558288e+01 0.0
-3.750000000000000711e+01 -1.438953488372093226e+01 0.0
-3.750000000000000711e+01 -1.119186046511627630e+01 0.0
-3.750000000000000711e+01 -7.994186046511626564e+00 0.0
-3.750000000000000711e+01 -4.796511627906977715e+00 0.0
-3.750000000000000711e+01 -1.598837209302328422e+00 0.0
-3.750000000000000711e+01 1.598837209302328422e+00 0.0
-3.750000000000000711e+01 4.796511627906977715e+00 0.0
-3.750000000000000711e+01 7.994186046511626564e+00 0.0
-3.750000000000000711e+01 1.119186046511627630e+01 0.0
-3.750000000000000711e+01 1.438953488372093226e+01 0.0
-3.750000000000000711e+01 1.758720930232557578e+01 0.0
-3.750000000000000711e+01 2.078488372093023173e+01 0.0
-3.750000000000000711e+01 2.398255813953488769e+01 0.0
-3.750000000000000711e+01 2.718023255813952943e+01 0.0
-3.750000000000000711e+01 3.037790697674418539e+01 0.0
-3.333333333333334281e+01 -2.078488372093023173e+01 0.0
-3.333333333333334281e+01 -1.758720930232558288e+01 0.0
-3.333333333333334281e+01 -1.438953488372093226e+01 0.0
-3.333333333333334281e+01 -1.119186046511627630e+01 0.0
-3.333333333333334281e+01 -7.994186046511626564e+00 0.0
-3.333333333333334281e+01 -4.796511627906977715e+00 0.0
-3.333333333333334281e+01 -1.598837209302328422e+00 0.0
-3.333333333333334281e+01 2.718023255813952943e+01 0.0
-3.333333333333334281e+01 3.037790697674418539e+01 0.0
-2.916666666666667140e+01 -2.398255813953488413e+01 0.0
-2.916666666666667140e+01 -2.078488372093023173e+01 0.0
-2.916666666666667140e+01 -1.758720930232558288e+01 0.0
-2.916666666666667140e+01 -1.438953488372093226e+01 0.0
-2.916666666666667140e+01 -1.119186046511627630e+01 0.0
-2.916666666666667140e+01 -7.994186046511626564e+00 0.0
-2.500000000000000711e+01 -2.398255813953488413e+01 0.0
-2.500000000000000711e+01 -2.078488372093023173e+01 0.0
-2.500000000000000711e+01 -1.758720930232558288e+01 0.0
-2.500000000000000711e+01 -1.438953488372093226e+01 0.0
-2.500000000000000711e+01 -1.119186046511627630e+01 0.0
-2.083333333333334636e+01 -2.718023255813953298e+01 0.0
-2.083333333333334636e+01 -2.398255813953488413e+01 0.0
-2.083333333333334636e+01 -2.078488372093023173e+01 0.0
-2.083333333333334636e+01 -1.758720930232558288e+01 0.0
-2.083333333333334636e+01 -1.438953488372093226e+01 0.0
-2.083333333333334636e+01 -1.119186046511627630e+01 0.0
-1.666666666666666785e+01 -2.718023255813953298e+01 0.0
-1.666666666666666785e+01 -2.398255813953488413e+01 0.0
-1.666666666666666785e+01 -2.078488372093023173e+01 0.0
-1.666666666666666785e+01 -1.758720930232558288e+01 0.0
-1.666666666666666785e+01 -1.438953488372093226e+01 0.0
-1.250000000000000355e+01 -2.718023255813953298e+01 0.0
-1.250000000000000355e+01 -2.398255813953488413e+01 0.0
-1.250000000000000355e+01 -2.078488372093023173e+01 0.0
-1.250000000000000355e+01 -1.758720930232558288e+01 0.0
-1.250000000000000355e+01 -1.438953488372093226e+01 0.0
-8.333333333333341031e+00 -3.037790697674418539e+01 0.0
-8.333333333333341031e+00 -2.718023255813953298e+01 0.0
-8.333333333333341031e+00 -2.398255813953488413e+01 0.0
-8.333333333333341031e+00 -2.078488372093023173e+01 0.0
-8.333333333333341031e+00 -1.758720930232558288e+01 0.0
-8.333333333333341031e+00 -1.438953488372093226e+01 0.0
-4.166666666666678509e+00 -3.037790697674418539e+01 0.0
-4.166666666666678509e+00 -2.718023255813953298e+01 0.0
-4.166666666666678509e+00 -2.398255813953488413e+01 0.0
-4.166666666666678509e+00 -2.078488372093023173e+01 0.0
-4.166666666666678509e+00 -1.758720930232558288e+01 0.0
-4.166666666666678509e+00 -1.438953488372093226e+01 0.0
0.000000000000000000e+00 -3.037790697674418539e+01 0.0
0.000000000000000000e+00 -2.718023255813953298e+01 0.0
0.000000000000000000e+00 -2.398255813953488413e+01 0.0
0.000000000000000000e+00 -2.078488372093023173e+01 0.0
0.000000000000000000e+00 -1.758720930232558288e+01 0.0
0.000000000000000000e+00 -1.438953488372093226e+01 0.0
4.166666666666662522e+00 -3.037790697674418539e+01 0.0
4.166666666666662522e+00 -2.718023255813953298e+01 0.0
4.166666666666662522e+00 -2.398255813953488413e+01 0.0
4.166666666666662522e+00 -2.078488372093023173e+01 0.0
4.166666666666662522e+00 -1.758720930232558288e+01 0.0
4.166666666666662522e+00 -1.438953488372093226e+01 0.0
8.333333333333325044e+00 -3.037790697674418539e+01 0.0
8.333333333333325044e+00 -2.718023255813953298e+01 0.0
8.333333333333325044e+00 -2.398255813953488413e+01 0.0
8.333333333333325044e+00 -2.078488372093023173e+01 0.0
8.333333333333325044e+00 -1.758720930232558288e+01 0.0
8.333333333333325044e+00 -1.438953488372093226e+01 0.0
1.249999999999998934e+01 -2.718023255813953298e+01 0.0
1.249999999999998934e+01 -2.398255813953488413e+01 0.0
1.249999999999998934e+01 -2.078488372093023173e+01 0.0
1.249999999999998934e+01 -1.758720930232558288e+01 0.0
1.249999999999998934e+01 -1.438953488372093226e+01 0.0
1.666666666666666785e+01 -2.718023255813953298e+01 0.0
1.666666666666666785e+01 -2.398255813953488413e+01 0.0
1.666666666666666785e+01 -2.078488372093023173e+01 0.0
1.666666666666666785e+01 -1.758720930232558288e+01 0.0
1.666666666666666785e+01 -1.438953488372093226e+01 0.0
2.083333333333332860e+01 -2.718023255813953298e+01 0.0
2.083333333333332860e+01 -2.398255813953488413e+01 0.0
2.083333333333332860e+01 -2.078488372093023173e+01 0.0
2.083333333333332860e+01 -1.758720930232558288e+01 0.0
2.083333333333332860e+01 -1.438953488372093226e+01 0.0
2.499999999999999289e+01 -2.718023255813953298e+01 0.0
2.499999999999999289e+01 -2.398255813953488413e+01 0.0
2.499999999999999289e+01 -2.078488372093023173e+01 0.0
2.499999999999999289e+01 -1.758720930232558288e+01 0.0
2.499999999999999289e+01 -1.438953488372093226e+01 0.0
2.499999999999999289e+01 -1.119186046511627630e+01 0.0
2.916666666666665719e+01 -2.398255813953488413e+01 0.0
2.916666666666665719e+01 -2.078488372093023173e+01 0.0
2.916666666666665719e+01 -1.758720930232558288e+01 0.0
2.916666666666665719e+01 -1.438953488372093226e+01 0.0
2.916666666666665719e+01 -1.119186046511627630e+01 0.0
2.916666666666665719e+01 -7.994186046511626564e+00 0.0
3.333333333333333570e+01 -2.078488372093023173e+01 0.0
3.333333333333333570e+01 -1.758720930232558288e+01 0.0
3.333333333333333570e+01 -1.438953488372093226e+01 0.0
3.333333333333333570e+01 -1.119186046511627630e+01 0.0
3.333333333333333570e+01 -7.994186046511626564e+00 0.0
3.333333333333333570e+01 -4.796511627906977715e+00 0.0
3.750000000000000000e+01 -2.078488372093023173e+01 0.0
3.750000000000000000e+01 -1.758720930232558288e+01 0.0
3.750000000000000000e+01 -1.438953488372093226e+01 0.0
3.750000000000000000e+01 -1.119186046511627630e+01 0.0
3.750000000000000000e+01 -7.994186046511626564e+00 0.0
3.750000000000000000e+01 -4.796511627906977715e+00 0.0
3.750000000000000000e+01 -1.598837209302328422e+00 0.0
3.750000000000000000e+01 1.598837209302328422e+00 0.0
3.750000000000000000e+01 2.398255813953488769e+01 0.0
3.750000000000000000e+01 2.718023255813952943e+01 0.0
3.750000000000000000e+01 3.037790697674418539e+01 0.0
4.166666666666665719e+01 -1.758720930232558288e+01 0.0
4.166666666666665719e+01 -1.438953488372093226e+01 0.0
4.166666666666665719e+01 -1.119186046511627630e+01 0.0
4.166666666666665719e+01 -7.994186046511626564e+00 0.0
4.166666666666665719e+01 -4.796511627906977715e+00 0.0
4.166666666666665719e+01 -1.598837209302328422e+00 0.0
4.166666666666665719e+01 1.598837209302328422e+00 0.0
4.166666666666665719e+01 4.796511627906977715e+00 0.0
4.166666666666665719e+01 7.994186046511626564e+00 0.0
4.166666666666665719e+01 1.119186046511627630e+01 0.0
4.166666666666665719e+01 1.438953488372093226e+01 0.0
4.166666666666665719e+01 1.758720930232557578e+01 0.0
4.166666666666665719e+01 2.078488372093023173e+01 0.0
4.166666666666665719e+01 2.398255813953488769e+01 0.0
4.166666666666665719e+01 2.718023255813952943e+01 0.0
4.166666666666665719e+01 3.037790697674418539e+01 0.0
4.583333333333332149e+01 -1.119186046511627630e+01 0.0
4.583333333333332149e+01 -7.994186046511626564e+00 0.0
4.583333333333332149e+01 -4.796511627906977715e+00 0.0
4.583333333333332149e+01 -1.598837209302328422e+00 0.0
4.583333333333332149e+01 1.598837209302328422e+00 0.0
4.583333333333332149e+01 4.796511627906977715e+00 0.0
4.583333333333332149e+01 7.994186046511626564e+00 0.0
4.583333333333332149e+01 1.119186046511627630e+01 0.0
4.583333333333332149e+01 1.438953488372093226e+01 0.0
4.583333333333332149e+01 1.758720930232557578e+01 0.0
4.583333333333332149e+01 2.078488372093023173e+01 0.0
4.583333333333332149e+01 2.398255813953488769e+01 0.0
4.583333333333332149e+01 2.718023255813952943e+01 0.0
4.583333333333332149e+01 3.037790697674418539e+01 0.0
4.999999999999998579e+01 -4.796511627906977715e+00 0.0
4.999999999999998579e+01 -1.598837209302328422e+00 0.0
4.999999999999998579e+01 1.598837209302328422e+00 0.0
4.999999999999998579e+01 4.796511627906977715e+00 0.0
4.999999999999998579e+01 7.994186046511626564e+00 0.0
4.999999999999998579e+01 1.119186046511627630e+01 0.0
4.999999999999998579e+01 1.438953488372093226e+01 0.0
4.999999999999998579e+01 1.758720930232557578e+01 0.0
4.999999999999998579e+01 2.078488372093023173e+01 0.0
4.999999999999998579e+01 2.398255813953488769e+01 0.0
-4.583333333333333570e+01 3.037790697674418539e+01 0.0
