-5.000000000000000711e+01 -3.592342342342342221e+01 0.0
-5.000000000000000711e+01 -3.265765765765765849e+01 0.0
-5.000000000000000711e+01 -2.939189189189189122e+01 0.0
-5.000000000000000711e+01 -2.612612612612612750e+01 0.0
-5.000000000000000711e+01 -2.286036036036036023e+01 0.0
-5.000000000000000711e+01 -1.959459459459459651e+01 0.0
-5.000000000000000711e+01 -1.632882882882882924e+01 0.0
-5.000000000000000711e+01 -1.306306306306306375e+01 0.0
-5.000000000000000711e+01 -9.797297297297298257e+00 0.0
-5.000000000000000711e+01 -6.531531531531531876e+00 0.0
-5.000000000000000711e+01 -3.265765765765765938e+00 0.0
-5.000000000000000711e+01 0.000000000000000000e+00 0.0
-5.000000000000000711e+01 3.265765765765765938e+00 0.0
-5.000000000000000711e+01 6.531531531531531876e+00 0.0
-5.000000000000000711e+01 9.797297297297298257e+00 0.0
-5.000000000000000711e+01 1.306306306306306375e+01 0.0
-5.000000000000000711e+01 1.632882882882882924e+01 0.0
-5.000000000000000711e+01 1.959459459459458941e+01 0.0
-5.000000000000000711e+01 2.286036036036036023e+01 0.0
-5.000000000000000711e+01 2.612612612612612040e+01 0.0
-5.000000000000000711e+01 2.939189189189189122e+01 0.0
-5.000000000000000711e+01 3.265765765765765138e+01 0.0
-5.000000000000000711e+01 3.592342342342342221e+01 0.0
-4.583333333333333570e+01 -3.592342342342342221e+01 0.0
-4.583333333333333570e+01 -3.265765765765765849e+01 0.0
-4.583333333333333570e+01 -2.939189189189189122e+01 0.0
-4.583333333333333570e+01 -2.612612612612612750e+01 0.0
-4.583333333333333570e+01 -2.286036036036036023e+01 0.0
-4.583333333333333570e+01 -1.959459459459459651e+01 0.0
-4.583333333333333570e+01 -1.632882882882882924e+01 0.0
-4.583333333333333570e+01 -1.306306306306306375e+01 0.0
-4.583333333333333570e+01 -9.797297297297298257e+00 0.0
-4.583333333333333570e+01 -6.531531531531531876e+00 0.0
-4.583333333333333570e+01 -3.265765765765765938e+00 0.0
-4.583333333333333570e+01 0.000000000000000000e+00 0.0
-4.583333333333333570e+01 3.265765765765765938e+00 0.0
-4.583333333333333570e+01 6.531531531531531876e+00 0.0
-4.583333333333333570e+01 9.797297297297298257e+00 0.0
-4.583333333333333570e+01 1.306306306306306375e+01 0.0
-4.583333333333333570e+01 1.632882882882882924e+01 0.0
-4.583333333333333570e+01 1.959459459459458941e+01 0.0
-4.583333333333333570e+01 2.286036036036036023e+01 0.0
-4.583333333333333570e+01 2.612612612612612040e+01 0.0
-4.583333333333333570e+01 2.939189189189189122e+01 0.0
-4.583333333333333570e+01 3.265765765765765138e+01 0.0
-4.583333333333333570e+01 3.592342342342342221e+01 0.0
-4.166666666666666430e+01 -3.592342342342342221e+01 0.0
-4.166666666666666430e+01 -3.265765765765765849e+01 0.0
-4.166666666666666430e+01 -2.939189189189189122e+01 0.0
-4.166666666666666430e+01 -2.612612612612612750e+01 0.0
-4.166666666666666430e+01 -2.286036036036036023e+01 0.0
-4.166666666666666430e+01 -1.959459459459459651e+01 0.0
-4.166666666666666430e+01 -1.632882882882882924e+01 0.0
-4.166666666666666430e+01 -1.306306306306306375e+01 0.0
-4.166666666666666430e+01 -9.797297297297298257e+00 0.0
-4.166666666666666430e+01 -6.531531531531531876e+00 0.0
-4.166666666666666430e+01 -3.265765765765765938e+00 0.0
-4.166666666666666430e+01 0.000000000000000000e+00 0.0
-4.166666666666666430e+01 3.265765765765765938e+00 0.0
-4.166666666666666430e+01 6.531531531531531876e+00 0.0
-4.166666666666666430e+01 9.797297297297298257e+00 0.0
-4.166666666666666430e+01 1.306306306306306375e+01 0.0
-4.166666666666666430e+01 1.632882882882882924e+01 0.0
-4.166666666666666430e+01 1.959459459459458941e+01 0.0
-4.166666666666666430e+01 2.286036036036036023e+01 0.0
-4.166666666666666430e+01 2.612612612612612040e+01 0.0
-4.166666666666666430e+01 2.939189189189189122e+01 0.0
-4.166666666666666430e+01 3.265765765765765138e+01 0.0
-4.166666666666666430e+01 3.592342342342342221e+01 0.0
-3.750000000000000711e+01 -3.592342342342342221e+01 0.0
-3.750000000000000711e+01 -3.265765765765765849e+01 0.0
-3.750000000000000711e+01 -2.939189189189189122e+01 0.0
-3.750000000000000711e+01 -2.612612612612612750e+01 0.0
-3.750000000000000711e+01 -2.286036036036036023e+01 0.0
-3.750000000000000711e+01 -1.959459459459459651e+01 0.0
-3.750000000000000711e+01 -1.632882882882882924e+01 0.0
-3.750000000000000711e+01 -1.306306306306306375e+01 0.0
-3.750000000000000711e+01 -9.797297297297298257e+00 0.0
-3.750000000000000711e+01 -6.531531531531531876e+00 0.0
-3.750000000000000711e+01 -3.265765765765765938e+00 0.0
-3.750000000000000711e+01 0.000000000000000000e+00 0.0
-3.750000000000000711e+01 3.265765765765765938e+00 0.0
-3.750000000000000711e+01 6.531531531531531876e+00 0.0
-3.750000000000000711e+01 9.797297297297298257e+00 0.0
-3.750000000000000711e+01 1.306306306306306375e+01 0.0
-3.750000000000000711e+01 1.632882882882882924e+01 0.0
-3.750000000000000711e+01 1.959459459459458941e+01 0.0
-3.750000000000000711e+01 2.286036036036036023e+01 0.0
-3.750000000000000711e+01 2.612612612612612040e+01 0.0
-3.750000000000000711e+01 2.939189189189189122e+01 0.0
-3.750000000000000711e+01 3.265765765765765138e+01 0.0
-3.750000000000000711e+01 3.592342342342342221e+01 0.0
-3.333333333333333570e+01 -6.531531531531531876e+00 0.0
-3.333333333333333570e+01 -3.265765765765765938e+00 0.0
-3.333333333333333570e+01 0.000000000000000000e+00 0.0
-3.333333333333333570e+01 3.265765765765765938e+00 0.0
-3.333333333333333570e+01 6.531531531531531876e+00 0.0
-2.916666666666667140e+01 -6.531531531531531876e+00 0.0
-2.916666666666667140e+01 -3.265765765765765938e+00 0.0
-2.916666666666667140e+01 0.000000000000000000e+00 0.0
-2.916666666666667140e+01 3.265765765765765938e+00 0.0
-2.916666666666667140e+01 6.531531531531531876e+00 0.0
-2.500000000000000355e+01 -6.531531531531531876e+00 0.0
-2.500000000000000355e+01 -3.265765765765765938e+00 0.0
-2.500000000000000355e+01 0.000000000000000000e+00 0.0
-2.500000000000000355e+01 3.265765765765765938e+00 0.0
-2.500000000000000355e+01 6.531531531531531876e+00 0.0
-2.083333333333333215e+01 -6.531531531531531876e+00 0.0
-2.083333333333333215e+01 -3.265765765765765938e+00 0.0
-2.083333333333333215e+01 0.000000000000000000e+00 0.0
-2.083333333333333215e+01 3.265765765765765938e+00 0.0
-2.083333333333333215e+01 6.531531531531531876e+00 0.0
-1.666666666666667140e+01 -6.531531531531531876e+00 0.0
-1.666666666666667140e+01 -3.265765765765765938e+00 0.0
-1.666666666666667140e+01 0.000000000000000000e+00 0.0
-1.666666666666667140e+01 3.265765765765765938e+00 0.0
-1.666666666666667140e+01 6.531531531531531876e+00 0.0
-1.250000000000001066e+01 -6.531531531531531876e+00 0.0
-1.250000000000001066e+01 -3.265765765765765938e+00 0.0
-1.250000000000001066e+01 0.000000000000000000e+00 0.0
-1.250000000000001066e+01 3.265765765765765938e+00 0.0
-1.250000000000001066e+01 6.531531531531531876e+00 0.0
-8.333333333333335702e+00 -6.531531531531531876e+00 0.0
-8.333333333333335702e+00 -3.265765765765765938e+00 0.0
-8.333333333333335702e+00 0.000000000000000000e+00 0.0
-8.333333333333335702e+00 3.265765765765765938e+00 0.0
-8.333333333333335702e+00 6.531531531531531876e+00 0.0
-4.166666666666674956e+00 -6.531531531531531876e+00 0.0
-4.166666666666674956e+00 -3.265765765765765938e+00 0.0
-4.166666666666674956e+00 0.000000000000000000e+00 0.0
-4.166666666666674956e+00 3.265765765765765938e+00 0.0
-4.166666666666674956e+00 6.531531531531531876e+00 0.0
0.000000000000000000e+00 -6.531531531531531876e+00 0.0
0.000000000000000000e+00 -3.265765765765765938e+00 0.0
0.000000000000000000e+00 0.000000000000000000e+00 0.0
0.000000000000000000e+00 3.265765765765765938e+00 0.0
0.000000000000000000e+00 6.531531531531531876e+00 0.0
4.166666666666661634e+00 -6.531531531531531876e+00 0.0
4.166666666666661634e+00 -3.265765765765765938e+00 0.0
4.166666666666661634e+00 0.000000000000000000e+00 0.0
4.166666666666661634e+00 3.265765765765765938e+00 0.0
4.166666666666661634e+00 6.531531531531531876e+00 0.0
8.333333333333323267e+00 -6.531531531531531876e+00 0.0
8.333333333333323267e+00 -3.265765765765765938e+00 0.0
8.333333333333323267e+00 0.000000000000000000e+00 0.0
8.333333333333323267e+00 3.265765765765765938e+00 0.0
8.333333333333323267e+00 6.531531531531531876e+00 0.0
1.249999999999999822e+01 -6.531531531531531876e+00 0.0
1.249999999999999822e+01 -3.265765765765765938e+00 0.0
1.249999999999999822e+01 0.000000000000000000e+00 0.0
1.249999999999999822e+01 3.265765765765765938e+00 0.0
1.249999999999999822e+01 6.531531531531531876e+00 0.0
1.666666666666666075e+01 -6.531531531531531876e+00 0.0
1.666666666666666075e+01 -3.265765765765765938e+00 0.0
1.666666666666666075e+01 0.000000000000000000e+00 0.0
1.666666666666666075e+01 3.265765765765765938e+00 0.0
1.666666666666666075e+01 6.531531531531531876e+00 0.0
2.083333333333332149e+01 -6.531531531531531876e+00 0.0
2.083333333333332149e+01 -3.265765765765765938e+00 0.0
2.083333333333332149e+01 0.000000000000000000e+00 0.0
2.083333333333332149e+01 3.265765765765765938e+00 0.0
2.083333333333332149e+01 6.531531531531531876e+00 0.0
2.499999999999999645e+01 -6.531531531531531876e+00 0.0
2.499999999999999645e+01 -3.265765765765765938e+00 0.0
2.499999999999999645e+01 0.000000000000000000e+00 0.0
2.499999999999999645e+01 3.265765765765765938e+00 0.0
2.499999999999999645e+01 6.531531531531531876e+00 0.0
2.916666666666665719e+01 -6.531531531531531876e+00 0.0
2.916666666666665719e+01 -3.265765765765765938e+00 0.0
2.916666666666665719e+01 0.000000000000000000e+00 0.0
2.916666666666665719e+01 3.265765765765765938e+00 0.0
2.916666666666665719e+01 6.531531531531531876e+00 0.0
3.333333333333332860e+01 -6.531531531531531876e+00 0.0
3.333333333333332860e+01 -3.265765765765765938e+00 0.0
3.333333333333332860e+01 0.000000000000000000e+00 0.0
3.333333333333332860e+01 3.265765765765765938e+00 0.0
3.333333333333332860e+01 6.531531531531531876e+00 0.0
3.749999999999999289e+01 -6.531531531531531876e+00 0.0
3.749999999999999289e+01 -3.265765765765765938e+00 0.0
3.749999999999999289e+01 0.000000000000000000e+00 0.0
3.749999999999999289e+01 3.265765765765765938e+00 0.0
3.749999999999999289e+01 6.531531531531531876e+00 0.0
4.166666666666666430e+01 -6.531531531531531876e+00 0.0
4.166666666666666430e+01 -3.265765765765765938e+00 0.0
4.166666666666666430e+01 0.000000000000000000e+00 0.0
4.166666666666666430e+01 3.265765765765765938e+00 0.0
4.166666666666666430e+01 6.531531531531531876e+00 0.0
4.583333333333331439e+01 -6.531531531531531876e+00 0.0
4.583333333333331439e+01 -3.265765765765765938e+00 0.0
4.583333333333331439e+01 0.000000000000000000e+00 0.0
4.583333333333331439e+01 3.265765765765765938e+00 0.0
4.583333333333331439e+01 6.531531531531531876e+00 0.0
4.999999999999999289e+01 -6.531531531531531876e+00 0.0
4.999999999999999289e+01 -3.265765765765765938e+00 0.0
4.999999999999999289e+01 0.000000000000000000e+00 0.0
4.999999999999999289e+01 3.265765765765765938e+00 0.0
4.999999999999999289e+01 6.531531531531531876e+00 0.0
-3.333333333333333570e+01 -9.797297297297298257e+00 0.0
4.999999999999999289e+01 -9.797297297297298257e+00 0.0
-2.500000000000000355e+01 -9.797297297297298257e+00 0.0
