-5.000000000000000711e+01 -3.250000000000000000e+01 0.0
-5.000000000000000711e+01 -2.867647058823529704e+01 0.0
-5.000000000000000711e+01 -2.485294117647059053e+01 0.0
-5.000000000000000711e+01 -2.102941176470588758e+01 0.0
-5.000000000000000711e+01 -1.720588235294118107e+01 0.0
-5.000000000000000711e+01 2.102941176470588047e+01 0.0
-5.000000000000000711e+01 2.485294117647058698e+01 0.0
-5.000000000000000711e+01 2.867647058823529349e+01 0.0
-5.000000000000000711e+01 3.250000000000000000e+01 0.0
-4.500000000000000711e+01 -3.250000000000000000e+01 0.0
-4.500000000000000711e+01 -2.867647058823529704e+01 0.0
-4.500000000000000711e+01 -2.485294117647059053e+01 0.0
-4.500000000000000711e+01 -2.102941176470588758e+01 0.0
-4.500000000000000711e+01 -1.720588235294118107e+01 0.0
-4.500000000000000711e+01 2.102941176470588047e+01 0.0
-4.500000000000000711e+01 2.485294117647058698e+01 0.0
-4.500000000000000711e+01 2.867647058823529349e+01 0.0
-4.500000000000000711e+01 3.250000000000000000e+01 0.0
-4.000000000000000711e+01 -3.250000000000000000e+01 0.0
-4.000000000000000711e+01 -2.867647058823529704e+01 0.0
-4.000000000000000711e+01 -2.485294117647059053e+01 0.0
-4.000000000000000711e+01 -2.102941176470588758e+01 0.0
-4.000000000000000711e+01 -1.720588235294118107e+01 0.0
-4.000000000000000711e+01 2.102941176470588047e+01 0.0
-4.000000000000000711e+01 2.485294117647058698e+01 0.0
-4.000000000000000711e+01 2.867647058823529349e+01 0.0
-4.000000000000000711e+01 3.250000000000000000e+01 0.0
-3.500000000000000711e+01 -3.250000000000000000e+01 0.0
-3.500000000000000711e+01 -2.867647058823529704e+01 0.0
-3.500000000000000711e+01 -2.485294117647059053e+01 0.0
-3.500000000000000711e+01 -2.102941176470588758e+01 0.0
-3.500000000000000711e+01 -1.720588235294118107e+01 0.0
-3.500000000000000711e+01 2.102941176470588047e+01 0.0
-3.500000000000000711e+01 2.485294117647058698e+01 0.0
-3.500000000000000711e+01 2.867647058823529349e+01 0.0
-3.500000000000000711e+01 3.250000000000000000e+01 0.0
-3.000000000000000711e+01 -3.250000000000000000e+01 0.0
-3.000000000000000711e+01 -2.867647058823529704e+01 0.0
-3.000000000000000711e+01 -2.485294117647059053e+01 0.0
-3.000000000000000711e+01 -2.102941176470588758e+01 0.0
-3.000000000000000711e+01 -1.720588235294118107e+01 0.0
-3.000000000000000711e+01 2.102941176470588047e+01 0.0
-3.000000000000000711e+01 2.485294117647058698e+01 0.0
-3.000000000000000711e+01 2.867647058823529349e+01 0.0
-3.000000000000000711e+01 3.250000000000000000e+01 0.0
-2.500000000000001066e+01 -3.250000000000000000e+01 0.0
-2.500000000000001066e+01 -2.867647058823529704e+01 0.0
-2.500000000000001066e+01 -2.485294117647059053e+01 0.0
-2.500000000000001066e+01 -2.102941176470588758e+01 0.0
-2.500000000000001066e+01 -1.720588235294118107e+01 0.0
-2.500000000000001066e+01 2.102941176470588047e+01 0.0
-2.500000000000001066e+01 2.485294117647058698e+01 0.0
-2.500000000000001066e+01 2.867647058823529349e+01 0.0
-2.500000000000001066e+01 3.250000000000000000e+01 0.0
-2.000000000000001421e+01 -3.250000000000000000e+01 0.0
-2.000000000000001421e+01 -2.867647058823529704e+01 0.0
-2.000000000000001421e+01 -2.485294117647059053e+01 0.0
-2.000000000000001421e+01 -2.102941176470588758e+01 0.0
-2.000000000000001421e+01 -1.720588235294118107e+01 0.0
-2.000000000000001421e+01 2.102941176470588047e+01 0.0
-2.000000000000001421e+01 2.485294117647058698e+01 0.0
-2.000000000000001421e+01 2.867647058823529349e+01 0.0
-2.000000000000001421e+01 3.250000000000000000e+01 0.0
-1.500000000000000355e+01 -3.250000000000000000e+01 0.0
-1.500000000000000355e+01 -2.867647058823529704e+01 0.0
-1.500000000000000355e+01 -2.485294117647059053e+01 0.0
-1.500000000000000355e+01 -2.102941176470588758e+01 0.0
-1.500000000000000355e+01 -1.720588235294118107e+01 0.0
-1.500000000000000355e+01 2.102941176470588047e+01 0.0
-1.500000000000000355e+01 2.485294117647058698e+01 0.0
-1.500000000000000355e+01 2.867647058823529349e+01 0.0
-1.500000000000000355e+01 3.250000000000000000e+01 0.0
-1.000000000000000711e+01 -3.250000000000000000e+01 0.0
-1.000000000000000711e+01 -2.867647058823529704e+01 0.0
-1.000000000000000711e+01 -2.485294117647059053e+01 0.0
-1.000000000000000711e+01 -2.102941176470588758e+01 0.0
-1.000000000000000711e+01 -1.720588235294118107e+01 0.0
-1.000000000000000711e+01 2.102941176470588047e+01 0.0
-1.000000000000000711e+01 2.485294117647058698e+01 0.0
-1.000000000000000711e+01 2.867647058823529349e+01 0.0
-1.000000000000000711e+01 3.250000000000000000e+01 0.0
-5.000000000000010658e+00 -3.250000000000000000e+01 0.0
-5.000000000000010658e+00 -2.867647058823529704e+01 0.0
-5.000000000000010658e+00 -2.485294117647059053e+01 0.0
-5.000000000000010658e+00 -2.102941176470588758e+01 0.0
-5.000000000000010658e+00 -1.720588235294118107e+01 0.0
-5.000000000000010658e+00 2.102941176470588047e+01 0.0
-5.000000000000010658e+00 2.485294117647058698e+01 0.0
-5.000000000000010658e+00 2.867647058823529349e+01 0.0
-5.000000000000010658e+00 3.250000000000000000e+01 0.0
-1.443289932012703503e-14 -3.250000000000000000e+01 0.0
-1.443289932012703503e-14 -2.867647058823529704e+01 0.0
-1.443289932012703503e-14 -2.485294117647059053e+01 0.0
-1.443289932012703503e-14 -2.102941176470588758e+01 0.0
-1.443289932012703503e-14 -1.720588235294118107e+01 0.0
-1.443289932012703503e-14 2.102941176470588047e+01 0.0
-1.443289932012703503e-14 2.485294117647058698e+01 0.0
-1.443289932012703503e-14 2.867647058823529349e+01 0.0
-1.443289932012703503e-14 3.250000000000000000e+01 0.0
4.999999999999996447e+00 -3.250000000000000000e+01 0.0
4.999999999999996447e+00 -2.867647058823529704e+01 0.0
4.999999999999996447e+00 -2.485294117647059053e+01 0.0
4.999999999999996447e+00 -2.102941176470588758e+01 0.0
4.999999999999996447e+00 -1.720588235294118107e+01 0.0
4.999999999999996447e+00 2.102941176470588047e+01 0.0
4.999999999999996447e+00 2.485294117647058698e+01 0.0
4.999999999999996447e+00 2.867647058823529349e+01 0.0
4.999999999999996447e+00 3.250000000000000000e+01 0.0
9.999999999999992895e+00 -3.250000000000000000e+01 0.0
9.999999999999992895e+00 -2.867647058823529704e+01 0.0
9.999999999999992895e+00 -2.485294117647059053e+01 0.0
9.999999999999992895e+00 -2.102941176470588758e+01 0.0
9.999999999999992895e+00 -1.720588235294118107e+01 0.0
9.999999999999992895e+00 2.102941176470588047e+01 0.0
9.999999999999992895e+00 2.485294117647058698e+01 0.0
9.999999999999992895e+00 2.867647058823529349e+01 0.0
9.999999999999992895e+00 3.250000000000000000e+01 0.0
1.499999999999998934e+01 -3.250000000000000000e+01 0.0
1.499999999999998934e+01 -2.867647058823529704e+01 0.0
1.499999999999998934e+01 -2.485294117647059053e+01 0.0
1.499999999999998934e+01 -2.102941176470588758e+01 0.0
1.499999999999998934e+01 -1.720588235294118107e+01 0.0
1.499999999999998934e+01 2.102941176470588047e+01 0.0
1.499999999999998934e+01 2.485294117647058698e+01 0.0
1.499999999999998934e+01 2.867647058823529349e+01 0.0
1.499999999999998934e+01 3.250000000000000000e+01 0.0
1.999999999999998579e+01 -2.867647058823529704e+01 0.0
1.999999999999998579e+01 -2.485294117647059053e+01 0.0
1.999999999999998579e+01 -2.102941176470588758e+01 0.0
1.999999999999998579e+01 -1.720588235294118107e+01 0.0
1.999999999999998579e+01 2.102941176470588047e+01 0.0
1.999999999999998579e+01 2.485294117647058698e+01 0.0
1.999999999999998579e+01 2.867647058823529349e+01 0.0
1.999999999999998579e+01 3.250000000000000000e+01 0.0
2.499999999999999645e+01 -2.867647058823529704e+01 0.0
2.499999999999999645e+01 -2.485294117647059053e+01 0.0
2.499999999999999645e+01 -2.102941176470588758e+01 0.0
2.499999999999999645e+01 -1.720588235294118107e+01 0.0
2.499999999999999645e+01 1.720588235294117396e+01 0.0
2.499999999999999645e+01 2.102941176470588047e+01 0.0
2.499999999999999645e+01 2.485294117647058698e+01 0.0
2.499999999999999645e+01 2.867647058823529349e+01 0.0
2.499999999999999645e+01 3.250000000000000000e+01 0.0
2.999999999999999289e+01 -2.867647058823529704e+01 0.0
2.999999999999999289e+01 -2.485294117647059053e+01 0.0
2.999999999999999289e+01 -2.102941176470588758e+01 0.0
2.999999999999999289e+01 -1.720588235294118107e+01 0.0
2.999999999999999289e+01 1.720588235294117396e+01 0.0
2.999999999999999289e+01 2.102941176470588047e+01 0.0
2.999999999999999289e+01 2.485294117647058698e+01 0.0
2.999999999999999289e+01 2.867647058823529349e+01 0.0
3.499999999999999289e+01 -2.867647058823529704e+01 0.0
3.499999999999999289e+01 -2.485294117647059053e+01 0.0
3.499999999999999289e+01 -2.102941176470588758e+01 0.0
3.499999999999999289e+01 -1.720588235294118107e+01 0.0
3.499999999999999289e+01 -1.338235294117647278e+01 0.0
3.499999999999999289e+01 1.338235294117646568e+01 0.0
3.499999999999999289e+01 1.720588235294117396e+01 0.0
3.499999999999999289e+01 2.102941176470588047e+01 0.0
3.499999999999999289e+01 2.485294117647058698e+01 0.0
3.499999999999999289e+01 2.867647058823529349e+01 0.0
4.000000000000000000e+01 -2.485294117647059053e+01 0.0
4.000000000000000000e+01 -2.102941176470588758e+01 0.0
4.000000000000000000e+01 -1.720588235294118107e+01 0.0
4.000000000000000000e+01 -1.338235294117647278e+01 0.0
4.000000000000000000e+01 -9.558823529411766273e+00 0.0
4.000000000000000000e+01 -5.735294117647059764e+00 0.0
4.000000000000000000e+01 -1.911764705882353255e+00 0.0
4.000000000000000000e+01 1.911764705882346149e+00 0.0
4.000000000000000000e+01 5.735294117647052659e+00 0.0
4.000000000000000000e+01 9.558823529411759168e+00 0.0
4.000000000000000000e+01 1.338235294117646568e+01 0.0
4.000000000000000000e+01 1.720588235294117396e+01 0.0
4.000000000000000000e+01 2.102941176470588047e+01 0.0
4.000000000000000000e+01 2.485294117647058698e+01 0.0
4.499999999999998579e+01 -2.102941176470588758e+01 0.0
4.499999999999998579e+01 -1.720588235294118107e+01 0.0
4.499999999999998579e+01 -1.338235294117647278e+01 0.0
4.499999999999998579e+01 -9.558823529411766273e+00 0.0
4.499999999999998579e+01 -5.735294117647059764e+00 0.0
4.499999999999998579e+01 -1.911764705882353255e+00 0.0
4.499999999999998579e+01 1.911764705882346149e+00 0.0
4.499999999999998579e+01 5.735294117647052659e+00 0.0
4.499999999999998579e+01 9.558823529411759168e+00 0.0
4.499999999999998579e+01 1.338235294117646568e+01 0.0
4.499999999999998579e+01 1.720588235294117396e+01 0.0
4.499999999999998579e+01 2.102941176470588047e+01 0.0
4.999999999999999289e+01 -1.338235294117647278e+01 0.0
4.999999999999999289e+01 -9.558823529411766273e+00 0.0
4.999999999999999289e+01 -5.735294117647059764e+00 0.0
4.999999999999999289e+01 -1.911764705882353255e+00 0.0
4.999999999999999289e+01 1.911764705882346149e+00 0.0
4.999999999999999289e+01 5.735294117647052659e+00 0.0
4.999999999999999289e+01 9.558823529411759168e+00 0.0
4.999999999999999289e+01 1.338235294117646568e+01 0.0
4.999999999999999289e+01 1.720588235294117396e+01 0.0
1.999999999999998579e+01 -3.250000000000000000e+01 0.0
1.999999999999998579e+01 1.720588235294117396e+01 0.0
2.999999999999999289e+01 -1.338235294117647278e+01 0.0
4.499999999999998579e+01 2.485294117647058698e+01 0.0
